10
0,302500876	0,710053003	0,556351112	0,376220015	0,774532998	0,06038525	0,780752503	0,340726012	0,751172084	0,050718561
0,252830783	0,117328998	0,839982713	0,59184067	0,391112184	0,85032403	0,703288412	0,941247312	0,566627957	0,742180416
0,601515551	0,007893509	0,359560823	0,599288615	0,428705224	0,927249446	0,966503939	0,848388856	0,064464602	0,638999732
0,60530237	0,498574424	0,24931153	0,622019941	0,119306298	0,643281623	0,958646206	0,511631785	0,287851299	0,384635183
0,425548874	0,369918113	0,199352622	0,885676099	0,982745595	0,819339536	0,41292995	0,954531132	0,776154134	0,794928078
0,311913134	0,645032501	0,962701176	0,707895891	0,599727003	0,198719273	0,435632924	0,099385985	0,807951285	0,245485782
0,9227717	0,002526794	0,391477761	0,887256762	0,411639221	0,963637315	0,89947483	0,580899219	0,558247392	0,603748072
0,926722987	0,699758097	0,79074042	0,734875246	0,703775842	0,282346807	0,172364256	0,925405374	0,80589233	0,747916929
0,287601867	0,147332827	0,616834346	0,471827444	0,669925361	0,707837828	0,718799579	0,794391575	0,398110209	0,384770683
0,892633634	0,272417979	0,963071866	0,11143921	0,918709892	0,039554551	0,494174563	0,970702556	0,752886465	0,252541541
1
4
5
2
7
-1
3
4
5
7
